1  2  2
1  3  22
1  4  50
1  5  18
1  6  42
1  7  43
1  8  45
1  9  9
1  10  34
1  11  38
1  12  42
2  3  47
2  4  13
2  5  50
2  6  20
2  7  8
2  8  35
2  9  25
2  10  13
2  11  13
2  12  6
3  4  41
3  5  10
3  6  16
3  7  7
3  8  13
3  9  29
3  10  14
3  11  24
3  12  47
4  5  30
4  6  33
4  7  9
4  8  6
4  9  5
4  10  42
4  11  28
4  12  9
5  6  40
5  7  26
5  8  27
5  9  25
5  10  38
5  11  21
5  12  27
6  7  12
6  8  30
6  9  40
6  10  4
6  11  41
6  12  22
7  8  25
7  9  22
7  10  3
7  11  11
7  12  45
8  9  34
8  10  6
8  11  37
8  12  29
9  10  19
9  11  32
9  12  27
10  11  3
10  12  4
11  12  32
